Debug Information

/===================>Head<===========================\
|| version: 411364454
|| date: 周二 6月 10 13:48:02 2025
|| ptr: 16
|| total size: 12515
\====================================================/


/===================>Project<===========================\
|| type: project
|| sub-widget: 21
|| prop size: 428
|| project rotate: 0  [(0-0),(1-90),(2-180),(3-270)]
|| offset prop_len  t_ptr  t_size   crc       crc       crc
||   1bc      5e      210      a      433a      1fa7      315f
||   21a      9e      2a8      10      edae      60d4      b354
||   2b8      5e      30c      a      ab3d      1fa7      b869
||   316      2bf      59b      3a      cbf5      4dba      1f43
||   5d5      354      8e1      48      d059      4fa9      5211
||   929      18c      a91      24      f63      9fb1      ac1d
||   ab5      9e      b43      10      8325      60d4      934
||   b53      154      c8d      1a      2573      1191      f97e
||   ca7      5e      cfb      a      2bbc      1fa7      5dc6
||   d05      136      e23      18      20ac      f630      46cd
||   e3b      1a5      fba      26      a45c      c138      f9bc
||   fe0      160      1122      1e      71d0      7d5c      b057
||   1140      161      1281      20      8b5c      bdbd      60a6
||   12a1      532      1785      4e      98aa      94da      f313
||   17d3      16a      1919      24      5cc5      c9d      ebbe
||   193d      12a      1a4b      1c      6300      dbce      85ad
||   1a67      14c      1b95      1e      ae65      1709      6a65
||   1bb3      2f4      1e63      44      8ba1      5ecd      984b
||   1ea7      1a1      2022      26      6b95      c138      6bd1
||   2048      101d      2f63      102      94d0      2a40      2819
||   3065      23a      326d      32      4633      6c5a      ce94
\====================================================/


 82  00  00  00  00  00  00  00  40  01  AC  00  10  00  00  00 
84  40  10  00  00  10  00  00  42  00  00  00  20  00  00  00 
03  40  10  00  00  0C  00  00  30  00  00  00  30  00  00  00 
05  64  FF  FF  00  00  00  00  40  01  AC  00  00  00  FF  FF 
FF  FF  05  64  00  00  00  00  00  00  40  01  AC  00  00  00 
FF  FF  FF  FF  28  00  2C  00  18  00  1C  00  0C  00  82  00 
00  00  00  00  00  00  40  01  AC  00  10  00  00  00  84  40 
90  00  00  10  02  00  7C  00  00  00  20  00  00  00  83  40 
90  00  00  0C  02  00  6A  00  00  00  30  00  00  00  08  40 
A0  00  00  20  02  00  50  00  00  00  6E  6F  6E  65  00  00 
00  00  00  02  64  00  62  00  00  00  00  00  00  00  05  64 
FF  FF  00  00  00  00  40  01  AC  00  00  00  FF  FF  FF  FF 
01  00  01  00  00  00  FF  FF  05  64  FF  FF  00  00  00  00 
40  01  AC  00  00  00  FF  FF  FF  FF  05  64  00  00  00  00 
00  00  40  01  AC  00  00  00  FF  FF  FF  FF  38  00  48  00 
4C  00  28  00  2C  00  18  00  1C  00  0C  00  82  00  00  00 
00  00  00  00  40  01  AC  00  10  00  00  00  84  40  10  01 
00  10  04  00  42  00  00  00  20  00  00  00  03  40  10  01 
00  0C  04  00  30  00  00  00  30  00  00  00  05  64  FF  FF 
00  00  00  00  40  01  AC  00  00  00  FF  FF  01  00  05  64 
00  00  00  00  00  00  40  01  AC  00  00  00  FF  FF  FF  FF 
28  00  2C  00  18  00  1C  00  0C  00  82  00  00  00  00  00 
00  00  40  01  AC  00  10  00  00  00  84  40  90  01  00  10 
06  00  73  02  00  00  20  00  00  00  03  41  90  01  00  0C 
06  00  61  02  00  00  30  00  00  00  83  42  90  01  01  0C 
06  00  4F  02  00  00  50  00  00  00  83  41  90  01  02  0C 
06  00  3D  02  00  00  ED  00  00  00  08  40  A0  01  00  20 
06  00  23  02  00  00  6E  6F  6E  65  00  00  00  00  00  00 
64  00  35  02  00  00  00  00  00  00  0C  40  9D  01  00  30 
06  00  0D  02  00  00  6E  6F  6E  65  00  00  00  00  FF  7F 
FF  7F  1F  02  00  00  02  08  40  A0  01  01  20  06  00  EF 
01  00  00  6E  6F  6E  65  00  00  00  00  00  00  64  00  01 
02  00  00  00  00  00  00  08  40  A0  01  02  20  06  00  D1 
01  00  00  6E  6F  6E  65  00  00  00  00  00  00  64  00  E3 
01  00  00  00  00  00  00  08  40  A0  01  03  20  06  00  AF 
01  00  00  6E  6F  6E  65  00  00  00  00  00  00  64  00  C1 
01  00  00  00  00  00  00  0A  40  C3  01  00  28  06  00  9D 
01  00  00  6E  6F  6E  65  00  00  00  00  68  3A  6D  3A  73 
00  00  00  CC  A8  DA  00  00  00  FF  7F  09  00  0A  00  0B 
00  0C  00  0D  00  0E  00  0F  00  10  00  11  00  12  00  14 
00  13  00  FF  FF  FF  FF  FF  FF  00  08  40  A0  01  04  20 
06  00  83  01  00  00  6E  6F  6E  65  00  00  00  00  00  00 
64  00  95  01  00  00  00  00  00  00  0C  40  9D  01  01  30 
06  00  6D  01  00  00  6E  6F  6E  65  00  00  00  00  FF  7F 
FF  7F  7F  01  00  00  02  05  64  FF  FF  64  00  64  00  78 
00  32  00  00  00  FF  FF  FF  FF  01  00  15  00  05  64  FF 
FF  64  00  64  00  78  00  32  00  00  00  FF  FF  FF  FF  01 
00  16  00  00  00  FF  FF  05  64  FF  FF  64  00  32  00  78 
00  1E  00  00  00  FF  FF  FF  FF  05  64  FF  FF  75  00  32 
00  56  00  28  00  00  00  FF  FF  FF  FF  04  00  01  00  02 
00  03  00  04  00  FF  FF  00  00  FF  FF  05  64  FF  FF  E6 
00  28  00  3C  00  3C  00  00  00  FF  FF  FF  FF  02  00  07 
00  05  00  FF  FF  00  00  FF  FF  05  64  FF  FF  1E  00  28 
00  3C  00  3C  00  00  00  FF  FF  FF  FF  02  00  08  00  06 
00  FF  FF  00  00  FF  FF  05  64  FF  FF  64  00  6C  00  78 
00  32  00  00  00  FF  FF  FF  FF  01  00  03  00  05  64  FF 
FF  64  00  6C  00  78  00  32  00  00  00  FF  FF  FF  FF  01 
00  15  00  00  00  FF  FF  05  64  00  00  00  00  00  00  40 
01  AC  00  00  00  FF  FF  FF  FF  05  64  00  00  00  00  00 
00  40  01  AC  00  00  00  FF  FF  FF  FF  05  64  00  00  00 
00  00  00  40  01  AC  00  00  00  FF  FF  FF  FF  05  64  00 
00  00  00  00  00  40  01  AC  00  00  00  FF  FF  FF  FF  58 
01  68  01  38  01  48  01  4C  01  F5  00  D5  00  E5  00  E9 
00  B5  00  C5  00  C9  00  95  00  A5  00  A9  00  78  00  88 
00  58  00  68  00  6C  00  48  00  4C  00  38  00  3C  00  28 
00  2C  00  18  00  1C  00  0C  00  82  00  00  00  00  00  00 
00  40  01  AC  00  10  00  00  00  84  40  10  02  00  10  08 
00  FA  02  00  00  20  00  00  00  83  41  10  02  00  0C  08 
00  E8  02  00  00  30  00  00  00  03  42  10  02  01  0C  08 
00  D6  02  00  00  60  00  00  00  83  41  10  02  02  0C  08 
00  C4  02  00  00  DA  00  00  00  83  41  10  02  03  0C  08 
00  B2  02  00  00  5D  01  00  00  08  40  20  02  00  20  08 
00  98  02  00  00  68  61  6E  67  75  70  00  00  00  00  64 
00  AA  02  00  00  00  00  00  00  08  40  20  02  01  20  08 
00  7E  02  00  00  61  6E  73  77  65  72  00  00  00  00  64 
00  90  02  00  00  00  00  00  00  0C  40  1D  02  00  30  08 
00  68  02  00  00  6E  6F  6E  65  00  00  00  00  EF  03  EF 
03  7A  02  00  00  02  0C  40  1D  02  01  30  08  00  52  02 
00  00  6E  6F  6E  65  00  00  00  00  FF  7F  FF  7F  64  02 
00  00  00  08  40  20  02  02  20  08  00  38  02  00  00  68 
61  6E  67  75  70  00  00  00  00  64  00  4A  02  00  00  00 
00  00  00  0A  40  43  02  00  28  08  00  26  02  00  00  6E 
6F  6E  65  00  00  00  00  6D  3A  73  00  00  00  00  00  CC 
A8  DA  00  00  00  FF  7F  07  00  08  00  09  00  0A  00  0B 
00  0C  00  0D  00  0E  00  0F  00  10  00  11  00  FF  FF  FF 
FF  FF  FF  FF  FF  01  08  40  20  02  03  20  08  00  08  02 
00  00  6D  75  74  65  00  00  00  00  00  00  64  00  1A  02 
00  00  00  00  00  00  08  40  20  02  04  20  08  00  EE  01 
00  00  68  61  6E  67  75  70  00  00  00  00  64  00  00  02 
00  00  00  00  00  00  08  40  20  02  05  20  08  00  D0  01 
00  00  6D  75  74  65  00  00  00  00  00  00  64  00  E2  01 
00  00  00  00  00  00  0C  40  1D  02  02  30  08  00  BA  01 
00  00  6E  6F  6E  65  00  00  00  00  EF  03  EF  03  CC  01 
00  00  02  05  64  FF  FF  6E  00  28  00  64  00  1E  00  00 
00  FF  FF  FF  FF  01  00  18  00  05  64  FF  FF  D7  00  70 
00  51  00  25  00  00  00  FF  FF  FF  FF  02  00  06  00  05 
00  FF  FF  00  00  FF  FF  05  64  FF  FF  78  00  50  00  50 
00  50  00  00  00  FF  FF  FF  FF  01  00  04  00  00  00  FF 
FF  05  64  FF  FF  D2  00  46  00  64  00  64  00  00  00  FF 
FF  FF  FF  02  00  03  00  02  00  FF  FF  00  00  FF  FF  05 
64  FF  FF  6F  00  28  00  64  00  1E  00  00  00  FF  FF  FF 
FF  05  64  FF  FF  0A  00  46  00  64  00  64  00  00  00  FF 
FF  FF  FF  01  00  04  00  00  00  FF  FF  05  64  FF  FF  00 
00  14  00  40  01  19  00  00  00  FF  FF  FF  FF  00  00  FF 
FF  05  64  FF  FF  71  00  39  00  64  00  1E  00  00  00  FF 
FF  FF  FF  01  00  12  00  05  64  FF  FF  D2  00  46  00  64 
00  64  00  00  00  FF  FF  FF  FF  01  00  01  00  00  00  FF 
FF  05  64  FF  FF  0A  00  46  00  64  00  64  00  00  00  FF 
FF  FF  FF  01  00  04  00  00  00  FF  FF  05  64  00  00  00 
00  00  00  40  01  AC  00  00  00  FF  FF  FF  FF  05  64  00 
00  00  00  00  00  40  01  AC  00  00  00  FF  FF  FF  FF  05 
64  00  00  00  00  00  00  40  01  AC  00  00  00  FF  FF  FF 
FF  05  64  FF  FF  00  00  00  00  40  01  AC  00  00  00  FF 
FF  FF  FF  05  64  00  00  00  00  00  00  40  01  AC  00  00 
00  FF  FF  FF  FF  A5  01  B5  01  85  01  95  01  99  01  65 
01  75  01  79  01  45  01  55  01  59  01  02  01  E2  00  F2 
00  F6  00  C5  00  D5  00  A8  00  B8  00  88  00  98  00  9C 
00  68  00  78  00  7C  00  58  00  5C  00  48  00  4C  00  38 
00  3C  00  28  00  2C  00  18  00  1C  00  0C  00  82  00  00 
00  00  00  00  00  40  01  AC  00  10  00  00  00  84  40  90 
02  00  10  0A  00  56  01  00  00  20  00  00  00  83  42  90 
02  00  0C  0A  00  44  01  00  00  30  00  00  00  08  40  A0 
02  00  20  0A  00  2A  01  00  00  6E  6F  6E  65  00  00  00 
00  00  00  64  00  3C  01  00  00  00  00  00  00  08  40  A0 
02  01  20  0A  00  10  01  00  00  6E  6F  6E  65  00  00  00 
00  00  00  64  00  22  01  00  00  00  00  00  00  08  40  A0 
02  02  20  0A  00  F6  00  00  00  6E  6F  6E  65  00  00  00 
00  00  00  64  00  08  01  00  00  00  00  00  00  0C  40  9D 
02  00  30  0A  00  E0  00  00  00  6E  6F  6E  65  00  00  00 
00  FF  7F  FF  7F  F2  00  00  00  02  0C  40  9D  02  01  30 
0A  00  CA  00  00  00  6E  6F  6E  65  00  00  00  00  FF  7F 
FF  7F  DC  00  00  00  02  05  64  FF  FF  B4  00  67  00  78 
00  32  00  00  00  FF  FF  FF  FF  01  00  16  00  05  64  FF 
FF  14  00  68  00  78  00  32  00  00  00  FF  FF  FF  FF  01 
00  17  00  05  64  FF  FF  B4  00  68  00  78  00  32  00  00 
00  FF  FF  FF  FF  01  00  02  00  00  00  FF  FF  05  64  FF 
FF  14  00  68  00  78  00  32  00  00  00  FF  FF  FF  FF  01 
00  03  00  00  00  FF  FF  05  64  FF  FF  78  00  0E  00  50 
00  50  00  00  00  FF  FF  FF  FF  01  00  01  00  00  00  FF 
FF  05  64  FF  FF  00  00  00  00  40  01  AC  00  00  00  FF 
FF  FF  FF  05  64  00  00  00  00  00  00  40  01  AC  00  00 
00  FF  FF  FF  FF  B5  00  C5  00  98  00  A8  00  78  00  88 
00  8C  00  58  00  68  00  6C  00  38  00  48  00  4C  00  28 
00  2C  00  18  00  1C  00  0C  00  82  00  00  00  00  00  00 
00  40  01  AC  00  10  00  00  00  84  40  10  03  00  10  0C 
00  7C  00  00  00  20  00  00  00  83  40  10  03  00  0C  0C 
00  6A  00  00  00  30  00  00  00  08  40  20  03  00  20  0C 
00  50  00  00  00  6E  6F  6E  65  00  00  00  00  00  00  64 
00  62  00  00  00  00  00  00  00  05  64  FF  FF  64  00  2D 
00  78  00  6D  00  00  00  FF  FF  FF  FF  01  00  01  00  00 
00  FF  FF  05  64  00  00  00  00  00  00  40  01  AC  00  00 
00  FF  FF  FF  FF  05  64  FF  FF  00  00  00  00  40  01  AC 
00  00  00  FF  FF  FF  FF  38  00  48  00  4C  00  28  00  2C 
00  18  00  1C  00  0C  00  82  00  00  00  00  00  00  00  40 
01  AC  00  10  00  00  00  84  40  90  03  00  10  0E  00  28 
01  00  00  20  00  00  00  03  41  90  03  00  0C  0E  00  16 
01  00  00  30  00  00  00  14  41  98  03  00  50  0E  00  04 
01  00  00  6E  6F  6E  65  00  00  00  00  84  00  00  00  0F 
40  BC  03  00  3C  0E  00  F2  00  00  00  6E  6F  6E  65  00 
00  00  00  25  64  00  00  00  00  00  00  CC  A8  00  7C  FF 
7F  03  00  04  00  05  00  06  00  07  00  08  00  09  00  0A 
00  0B  00  0C  00  FF  FF  FF  FF  FF  FF  15  40  9E  03  00 
54  0E  00  DC  00  00  00  41  00  41  00  41  00  37  00  00 
00  68  01  00  00  00  00  E0  03  08  40  A0  03  00  20  0E 
00  C2  00  00  00  6E  6F  6E  65  00  00  00  00  00  00  64 
00  D4  00  00  00  00  00  00  00  05  64  FF  FF  34  00  34 
00  1A  00  1A  00  00  00  FF  FF  FF  FF  01  00  01  00  00 
00  FF  FF  05  64  FF  FF  00  00  00  00  82  00  82  00  00 
00  FF  FF  FF  FF  00  00  FF  FF  05  64  FF  FF  8D  00  6A 
00  28  00  14  00  00  00  FF  FF  FF  FF  05  64  FF  FF  60 
00  14  00  82  00  82  00  00  00  FF  FF  02  00  05  64  FF 
FF  00  00  00  00  40  01  AC  00  00  00  FF  FF  FF  FF  05 
64  00  00  00  00  00  00  40  01  AC  00  00  00  FF  FF  FF 
FF  AA  00  BA  00  BE  00  8C  00  9C  00  50  00  38  00  44 
00  28  00  2C  00  18  00  1C  00  0C  00  82  00  00  00  00 
00  00  00  40  01  AC  00  10  00  00  00  84  40  10  04  00 
10  10  00  42  00  00  00  20  00  00  00  03  40  10  04  00 
0C  10  00  30  00  00  00  30  00  00  00  05  64  B2  6F  00 
00  00  00  40  01  AC  00  00  00  FF  FF  FF  FF  05  64  FF 
FF  00  00  00  00  40  01  AC  00  00  00  FF  FF  FF  FF  28 
00  2C  00  18  00  1C  00  0C  00  82  00  00  00  00  00  00 
00  40  01  AC  00  10  00  00  00  84  40  90  04  00  10  12 
00  0C  01  00  00  20  00  00  00  83  41  90  04  00  0C  12 
00  FA  00  00  00  30  00  00  00  08  40  A0  04  00  20  12 
00  DC  00  00  00  6E  6F  6E  65  00  00  00  00  00  00  64 
00  EE  00  00  00  00  00  00  00  08  40  A0  04  01  20  12 
00  BE  00  00  00  6E  6F  6E  65  00  00  00  00  00  00  64 
00  D0  00  00  00  00  00  00  00  0F  40  BC  04  00  3C  12 
00  AC  00  00  00  76  6F  6C  5F  6E  75  6D  00  25  64  00 
00  6E  75  6D  00  CC  A8  FF  7F  FF  7F  07  00  08  00  09 
00  0A  00  0B  00  0C  00  0D  00  0E  00  0F  00  10  00  FF 
FF  FF  FF  FF  FF  05  64  FF  FF  6E  00  4C  00  64  00  28 
00  00  00  FF  FF  FF  FF  05  64  FF  FF  C7  00  24  00  78 
00  78  00  00  00  FF  FF  FF  FF  03  00  05  00  03  00  01 
00  00  00  FF  FF  05  64  FF  FF  03  00  25  00  78  00  78 
00  00  00  FF  FF  FF  FF  03  00  06  00  04  00  02  00  00 
00  FF  FF  05  64  FF  FF  00  00  00  00  40  01  AC  00  00 
00  FF  FF  FF  FF  05  64  FF  FF  00  00  00  00  40  01  AC 
00  00  00  FF  FF  FF  FF  78  00  58  00  68  00  6C  00  38 
00  48  00  4C  00  28  00  2C  00  18  00  1C  00  0C  00  82 
00  00  00  00  00  00  00  40  01  AC  00  10  00  00  00  84 
40  10  05  00  10  14  00  6D  01  00  00  20  00  00  00  83 
42  10  05  00  0C  14  00  5B  01  00  00  30  00  00  00  08 
40  20  05  00  20  14  00  3D  01  00  00  64  65  6E  6F  69 
73  65  00  00  00  64  00  4F  01  00  00  00  00  00  00  08 
40  20  05  01  20  14  00  1F  01  00  00  64  65  6E  6F  69 
73  65  00  00  00  64  00  31  01  00  00  00  00  00  00  08 
40  20  05  02  20  14  00  01  01  00  00  64  65  6E  6F  69 
73  65  00  00  00  64  00  13  01  00  00  00  00  00  00  08 
40  20  05  03  20  14  00  E3  00  00  00  64  65  6E  6F  69 
73  65  00  00  00  64  00  F5  00  00  00  00  00  00  00  0C 
40  1D  05  00  30  14  00  CD  00  00  00  6E  6F  6E  65  00 
00  00  00  FF  7F  FF  7F  DF  00  00  00  02  05  64  FF  FF 
05  00  23  00  36  01  1C  00  00  00  FF  FF  FF  FF  01  00 
01  00  05  64  FF  FF  F4  00  4C  00  3C  00  3C  00  00  00 
FF  FF  FF  FF  03  00  0B  00  07  00  05  00  00  00  FF  FF 
05  64  FF  FF  A8  00  4C  00  3C  00  3C  00  00  00  FF  FF 
FF  FF  03  00  0C  00  0A  00  09  00  00  00  FF  FF  05  64 
FF  FF  5C  00  4C  00  3C  00  3C  00  00  00  FF  FF  FF  FF 
03  00  06  00  03  00  01  00  00  00  FF  FF  05  64  FF  FF 
10  00  4C  00  3C  00  3C  00  00  00  FF  FF  FF  FF  03  00 
08  00  04  00  02  00  00  00  FF  FF  05  64  FF  FF  00  00 
00  00  40  01  AC  00  00  00  FF  FF  FF  FF  05  64  FF  FF 
00  00  00  00  40  01  AC  00  00  00  FF  FF  FF  FF  B8  00 
C8  00  98  00  A8  00  AC  00  78  00  88  00  8C  00  58  00 
68  00  6C  00  38  00  48  00  4C  00  28  00  2C  00  18  00 
1C  00  0C  00  82  00  00  00  00  00  00  00  40  01  AC  00 
10  00  00  00  84  40  90  05  00  10  16  00  30  01  00  00 
20  00  00  00  03  42  90  05  00  0C  16  00  1E  01  00  00 
30  00  00  00  08  40  A0  05  00  20  16  00  00  01  00  00 
6E  6F  6E  65  00  00  00  00  00  00  64  00  12  01  00  00 
00  00  00  00  08  40  A0  05  01  20  16  00  E2  00  00  00 
6E  6F  6E  65  00  00  00  00  00  00  64  00  F4  00  00  00 
00  00  00  00  0C  40  9D  05  00  30  16  00  C0  00  00  00 
6E  6F  6E  65  00  00  00  00  FF  7F  FF  7F  D2  00  00  00 
02  0C  40  9D  05  01  30  16  00  AA  00  00  00  6E  6F  6E 
65  00  00  00  00  FF  7F  FF  7F  BC  00  00  00  02  05  64 
FF  FF  05  00  23  00  36  01  1C  00  00  00  FF  FF  FF  FF 
01  00  02  00  05  64  FF  FF  61  00  4A  00  7C  00  32  00 
00  00  FF  FF  FF  FF  07  00  0B  00  0C  00  0D  00  0E  00 
0F  00  10  00  11  00  05  64  FF  FF  ED  00  3E  00  44  00 
44  00  00  00  FF  FF  FF  FF  03  00  05  00  03  00  01  00 
00  00  FF  FF  05  64  FF  FF  09  00  3E  00  44  00  44  00 
00  00  FF  FF  FF  FF  03  00  06  00  04  00  02  00  00  00 
FF  FF  05  64  FF  FF  00  00  00  00  40  01  AC  00  00  00 
FF  FF  FF  FF  05  64  FF  FF  00  00  00  00  40  01  AC  00 
00  00  FF  FF  FF  FF  95  00  A5  00  78  00  88  00  58  00 
68  00  6C  00  38  00  48  00  4C  00  28  00  2C  00  18  00 
1C  00  0C  00  82  00  00  00  00  00  00  00  40  01  AC  00 
10  00  00  00  84  40  10  06  00  10  18  00  2F  01  00  00 
20  00  00  00  03  42  10  06  00  0C  18  00  1D  01  00  00 
30  00  00  00  0C  40  1D  06  00  30  18  00  07  01  00  00 
6E  6F  6E  65  00  00  00  00  FF  7F  FF  7F  19  01  00  00 
00  08  40  20  06  00  20  18  00  E9  00  00  00  6E  6F  6E 
65  00  00  00  00  00  00  64  00  FB  00  00  00  00  00  00 
00  08  40  20  06  01  20  18  00  CB  00  00  00  6E  6F  6E 
65  00  00  00  00  00  00  64  00  DD  00  00  00  00  00  00 
00  08  40  20  06  02  20  18  00  AD  00  00  00  6E  6F  6E 
65  00  00  00  00  00  00  64  00  BF  00  00  00  00  00  00 
00  05  64  FF  FF  E3  00  50  00  3C  00  3C  00  00  00  FF 
FF  FF  FF  03  00  08  00  07  00  03  00  00  00  FF  FF  05 
64  FF  FF  84  00  50  00  3C  00  3C  00  00  00  FF  FF  FF 
FF  03  00  04  00  02  00  01  00  00  00  FF  FF  05  64  FF 
FF  25  00  50  00  3C  00  3C  00  00  00  FF  FF  FF  FF  03 
00  09  00  05  00  06  00  00  00  FF  FF  05  64  FF  FF  00 
00  25  00  40  01  1E  00  00  00  FF  FF  FF  FF  00  00  FF 
FF  05  64  FF  FF  00  00  00  00  40  01  AC  00  00  00  FF 
FF  FF  FF  05  64  FF  FF  00  00  00  00  40  01  AC  00  00 
00  FF  FF  FF  FF  95  00  A5  00  A9  00  75  00  85  00  89 
00  55  00  65  00  69  00  38  00  48  00  28  00  2C  00  18 
00  1C  00  0C  00  82  00  00  00  00  00  00  00  40  01  AC 
00  10  00  00  00  04  41  90  06  00  10  1A  00  D2  04  00 
00  20  00  00  00  03  44  90  06  00  0C  1A  00  C0  04  00 
00  40  00  00  00  03  44  90  06  01  0C  1A  00  AE  04  00 
00  B7  01  00  00  08  40  A0  06  00  20  1A  00  90  04  00 
00  62  6C  65  5F  73  74  61  00  00  00  64  00  A2  04  00 
00  00  00  00  00  08  40  A0  06  01  20  1A  00  72  04  00 
00  6C  5F  73  74  61  00  00  00  00  00  64  00  84  04  00 
00  00  00  00  00  0F  40  BC  06  00  3C  1A  00  60  04  00 
00  63  61  70  5F  6C  00  00  00  25  64  2D  00  6C  00  00 
00  CC  A8  FF  7F  FF  7F  0B  00  0C  00  0D  00  0E  00  0F 
00  10  00  11  00  12  00  13  00  14  00  20  00  FF  FF  FF 
FF  08  40  A0  06  02  20  1A  00  42  04  00  00  72  5F  73 
74  61  00  00  00  00  00  64  00  54  04  00  00  00  00  00 
00  0F  40  BC  06  01  3C  1A  00  30  04  00  00  63  61  70 
5F  72  00  00  00  25  64  2D  00  72  00  00  00  CC  A8  FF 
7F  FF  7F  0B  00  0C  00  0D  00  0E  00  0F  00  10  00  11 
00  12  00  13  00  14  00  20  00  FF  FF  FF  FF  08  40  A0 
06  03  20  1A  00  12  04  00  00  62  6F  78  5F  73  74  61 
00  00  00  64  00  24  04  00  00  00  00  00  00  0F  40  BC 
06  02  3C  1A  00  00  04  00  00  63  61  70  5F  63  00  00 
00  25  64  2D  00  63  00  00  00  CC  A8  FF  7F  FF  7F  0B 
00  0C  00  0D  00  0E  00  0F  00  10  00  11  00  12  00  13 
00  14  00  20  00  FF  FF  FF  FF  0A  40  C3  06  00  28  1A 
00  EE  03  00  00  72  74  63  00  00  00  00  00  68  3A  6D 
00  00  00  00  00  CC  A8  DA  00  FF  FF  FF  7F  1E  00  15 
00  16  00  17  00  18  00  19  00  1A  00  1B  00  1C  00  1D 
00  1F  00  FF  FF  FF  FF  FF  FF  FF  FF  01  08  40  A0  06 
04  20  1A  00  D0  03  00  00  62  6C  65  5F  73  74  61  00 
00  00  64  00  E2  03  00  00  00  00  00  00  08  40  A0  06 
05  20  1A  00  B2  03  00  00  6C  5F  73  74  61  00  00  00 
00  00  64  00  C4  03  00  00  00  00  00  00  0F  40  BC  06 
03  3C  1A  00  A0  03  00  00  63  61  70  5F  6C  00  00  00 
25  64  2D  00  6C  00  00  00  CC  A8  FF  7F  FF  7F  0B  00 
0C  00  0D  00  0E  00  0F  00  10  00  11  00  12  00  13  00 
14  00  20  00  FF  FF  FF  FF  08  40  A0  06  06  20  1A  00 
82  03  00  00  72  5F  73  74  61  00  00  00  00  00  64  00 
94  03  00  00  00  00  00  00  0F  40  BC  06  04  3C  1A  00 
70  03  00  00  63  61  70  5F  72  00  00  00  25  64  2D  00 
72  00  00  00  CC  A8  FF  7F  FF  7F  0B  00  0C  00  0D  00 
0E  00  0F  00  10  00  11  00  12  00  13  00  14  00  20  00 
FF  FF  FF  FF  08  40  A0  06  07  20  1A  00  52  03  00  00 
62  6F  78  5F  73  74  61  00  00  00  64  00  64  03  00  00 
00  00  00  00  0F  40  BC  06  05  3C  1A  00  40  03  00  00 
63  61  70  5F  63  00  00  00  25  64  2D  00  63  00  00  00 
CC  A8  FF  7F  FF  7F  0B  00  0C  00  0D  00  0E  00  0F  00 
10  00  11  00  12  00  13  00  14  00  20  00  FF  FF  FF  FF 
0A  40  C3  06  01  28  1A  00  2E  03  00  00  72  74  63  00 
00  00  00  00  68  3A  6D  00  00  00  00  00  CC  A8  DA  00 
FF  FF  FF  7F  1E  00  15  00  16  00  17  00  18  00  19  00 
1A  00  1B  00  1C  00  1D  00  1F  00  FF  FF  FF  FF  FF  FF 
FF  FF  01  05  64  FF  FF  F0  00  03  00  36  00  1C  00  00 
00  FF  FF  FF  FF  05  64  FF  FF  C8  00  06  00  1F  00  16 
00  00  00  FF  FF  FF  FF  05  64  FF  FF  B4  00  05  00  10 
00  16  00  00  00  FF  FF  FF  FF  03  00  07  00  03  00  06 
00  00  00  FF  FF  05  64  FF  FF  8C  00  06  00  1F  00  16 
00  00  00  FF  FF  FF  FF  05  64  FF  FF  78  00  06  00  10 
00  16  00  00  00  FF  FF  FF  FF  02  00  02  00  05  00  FF 
FF  00  00  FF  FF  05  64  FF  FF  50  00  06  00  1F  00  16 
00  00  00  FF  FF  FF  FF  05  64  FF  FF  3C  00  06  00  10 
00  16  00  00  00  FF  FF  FF  FF  02  00  01  00  04  00  FF 
FF  00  00  FF  FF  05  64  FF  FF  1E  00  06  00  16  00  16 
00  00  00  FF  FF  FF  FF  03  00  0A  00  08  00  09  00  00 
00  FF  FF  05  64  FF  FF  F0  00  03  00  36  00  1C  00  00 
00  FF  FF  FF  FF  05  64  FF  FF  C8  00  06  00  1F  00  16 
00  00  00  FF  FF  FF  FF  05  64  FF  FF  B4  00  06  00  10 
00  16  00  00  00  FF  FF  FF  FF  03  00  07  00  03  00  06 
00  00  00  FF  FF  05  64  FF  FF  8C  00  06  00  1F  00  16 
00  00  00  FF  FF  FF  FF  05  64  FF  FF  78  00  06  00  10 
00  16  00  00  00  FF  FF  FF  FF  02  00  02  00  05  00  FF 
FF  00  00  FF  FF  05  64  FF  FF  50  00  06  00  1F  00  16 
00  00  00  FF  FF  FF  FF  05  64  FF  FF  3C  00  06  00  10 
00  16  00  00  00  FF  FF  FF  FF  02  00  01  00  04  00  FF 
FF  00  00  FF  FF  05  64  FF  FF  1E  00  06  00  16  00  16 
00  00  00  FF  FF  FF  FF  03  00  0A  00  08  00  09  00  00 
00  FF  FF  05  64  FF  FF  00  00  00  00  40  01  28  00  00 
00  FF  FF  FF  FF  05  64  FF  FF  00  00  00  00  40  01  28 
00  00  00  FF  FF  FF  FF  05  64  FF  FF  00  00  00  00  40 
01  AC  00  00  00  FF  FF  FF  FF  F3  02  B7  02  97  02  A7 
02  AB  02  5B  02  3B  02  4B  02  4F  02  FF  01  DF  01  EF 
01  F3  01  BF  01  CF  01  D3  01  7C  01  40  01  20  01  30 
01  34  01  E4  00  C4  00  D4  00  D8  00  88  00  68  00  78 
00  7C  00  48  00  58  00  5C  00  38  00  3C  00  28  00  2C 
00  18  00  1C  00  0C  00  82  00  00  00  00  00  00  00  40 
01  AC  00  10  00  00  00  84  40  10  07  00  10  1C  00  34 
01  00  00  20  00  00  00  03  42  10  07  00  0C  1C  00  22 
01  00  00  30  00  00  00  08  40  20  07  00  20  1C  00  08 
01  00  00  6E  6F  6E  65  00  00  00  00  00  00  64  00  1A 
01  00  00  00  00  00  00  08  40  20  07  01  20  1C  00  EE 
00  00  00  6E  6F  6E  65  00  00  00  00  00  00  64  00  00 
01  00  00  00  00  00  00  83  40  10  07  01  0C  1C  00  DC 
00  00  00  A0  00  00  00  08  40  20  07  02  20  1C  00  C2 
00  00  00  6E  6F  6E  65  00  00  00  00  00  00  C8  00  D4 
00  00  00  00  00  00  00  03  40  10  07  02  0C  1C  00  B0 
00  00  00  B0  00  00  00  05  64  FF  FF  06  00  06  00  8C 
00  3C  00  00  00  FF  FF  FF  FF  05  64  FF  FF  53  00  3F 
00  9A  00  4A  00  00  00  FF  FF  FF  FF  01  00  01  00  00 
00  FF  FF  05  64  FF  FF  57  00  43  00  92  00  42  00  00 
00  FF  FF  FF  FF  05  64  FF  FF  F5  00  42  00  44  00  44 
00  00  00  FF  FF  FF  FF  01  00  02  00  00  00  FF  FF  05 
64  FF  FF  06  00  42  00  44  00  44  00  00  00  FF  FF  FF 
FF  01  00  03  00  00  00  FF  FF  05  64  FF  FF  00  00  00 
00  40  01  AC  00  00  00  FF  FF  FF  FF  05  64  FF  FF  00 
00  00  00  40  01  AC  00  00  00  FF  FF  FF  FF  A8  00  AC 
00  88  00  98  00  9C  00  78  00  7C  00  58  00  68  00  6C 
00  38  00  48  00  4C  00  28  00  2C  00  18  00  1C  00  0C 
00  82  00  00  00  00  00  00  00  40  01  AC  00  10  00  00 
00  84  40  90  07  00  10  1E  00  FC  00  00  00  20  00  00 
00  83  41  90  07  00  0C  1E  00  EA  00  00  00  30  00  00 
00  08  40  A0  07  00  20  1E  00  CC  00  00  00  6E  6F  6E 
65  00  00  00  00  00  00  64  00  DE  00  00  00  00  00  00 
00  08  40  A0  07  01  20  1E  00  AE  00  00  00  6E  6F  6E 
65  00  00  00  00  00  00  64  00  C0  00  00  00  00  00  00 
00  08  40  A0  07  02  20  1E  00  90  00  00  00  6E  6F  6E 
65  00  00  00  00  00  00  64  00  A2  00  00  00  00  00  00 
00  05  64  FF  FF  81  00  49  00  3C  00  3C  00  00  00  FF 
FF  FF  FF  02  00  01  00  02  00  FF  FF  00  00  FF  FF  05 
64  FF  FF  05  00  42  00  44  00  44  00  00  00  FF  FF  FF 
FF  03  00  08  00  06  00  04  00  00  00  FF  FF  05  64  FF 
FF  F5  00  42  00  44  00  44  00  00  00  FF  FF  FF  FF  03 
00  07  00  05  00  03  00  00  00  FF  FF  05  64  FF  FF  00 
00  00  00  40  01  AC  00  00  00  FF  FF  FF  FF  05  64  FF 
FF  00  00  00  00  40  01  AC  00  00  00  FF  FF  FF  FF  78 
00  88  00  8C  00  58  00  68  00  6C  00  38  00  48  00  4C 
00  28  00  2C  00  18  00  1C  00  0C  00  82  00  00  00  00 
00  00  00  40  01  AC  00  10  00  00  00  84  40  10  08  00 
10  20  00  1C  01  00  00  20  00  00  00  03  42  10  08  00 
0C  20  00  0A  01  00  00  30  00  00  00  0C  40  1D  08  00 
30  20  00  F4  00  00  00  6E  6F  6E  65  00  00  00  00  FF 
7F  FF  7F  06  01  00  00  02  08  40  20  08  00  20  20  00 
DA  00  00  00  6E  6F  6E  65  00  00  00  00  00  00  64  00 
EC  00  00  00  00  00  00  00  08  40  20  08  01  20  20  00 
C0  00  00  00  6E  6F  6E  65  00  00  00  00  00  00  64  00 
D2  00  00  00  00  00  00  00  0C  40  1D  08  01  30  20  00 
AA  00  00  00  6E  6F  6E  65  00  00  00  00  FF  7F  FF  7F 
BC  00  00  00  02  05  64  FF  FF  05  00  23  00  36  01  2A 
00  00  00  FF  FF  FF  FF  01  00  05  00  05  64  FF  FF  F5 
00  42  00  44  00  44  00  00  00  FF  FF  FF  FF  01  00  01 
00  00  00  FF  FF  05  64  FF  FF  05  00  42  00  44  00  44 
00  00  00  FF  FF  FF  FF  01  00  02  00  00  00  FF  FF  05 
64  FF  FF  64  00  4F  00  7A  00  2A  00  00  00  FF  FF  FF 
FF  01  00  0A  00  05  64  FF  FF  00  00  00  00  40  01  AC 
00  00  00  FF  FF  FF  FF  05  64  FF  FF  00  00  00  00  40 
01  AC  00  00  00  FF  FF  FF  FF  95  00  A5  00  75  00  85 
00  89  00  55  00  65  00  69  00  38  00  48  00  28  00  2C 
00  18  00  1C  00  0C  00  82  00  00  00  00  00  00  00  40 
01  AC  00  10  00  00  00  84  40  90  08  00  10  22  00  9E 
02  00  00  20  00  00  00  83  40  90  08  00  0C  22  00  8C 
02  00  00  30  00  00  00  03  41  90  08  01  0C  22  00  7A 
02  00  00  40  00  00  00  03  43  90  08  02  0C  22  00  68 
02  00  00  60  00  00  00  83  41  90  08  03  0C  22  00  56 
02  00  00  17  01  00  00  0C  40  9D  08  00  30  22  00  40 
02  00  00  6E  6F  6E  65  00  00  00  00  FF  7F  FF  7F  52 
02  00  00  02  08  40  A0  08  00  20  22  00  26  02  00  00 
6E  6F  6E  65  00  00  00  00  00  00  64  00  38  02  00  00 
00  00  00  00  08  40  A0  08  01  20  22  00  0C  02  00  00 
65  78  5F  66  69  6E  64  00  00  00  64  00  1E  02  00  00 
00  00  00  00  08  40  A0  08  02  20  22  00  F2  01  00  00 
73  74  5F  66  69  6E  64  00  00  00  64  00  04  02  00  00 
00  00  00  00  0C  40  9D  08  01  30  22  00  DC  01  00  00 
6E  6F  6E  65  00  00  00  00  FF  7F  FF  7F  EE  01  00  00 
02  0C  40  9D  08  02  30  22  00  C6  01  00  00  6E  6F  6E 
65  00  00  00  00  FF  7F  FF  7F  D8  01  00  00  02  08  40 
A0  08  03  20  22  00  A8  01  00  00  6C  5F  66  69  6E  64 
00  00  00  00  64  00  BA  01  00  00  00  00  00  00  08  40 
A0  08  04  20  22  00  8A  01  00  00  72  5F  66  69  6E  64 
00  00  00  00  64  00  9C  01  00  00  00  00  00  00  0C  40 
9D  08  03  30  22  00  74  01  00  00  6E  6F  6E  65  00  00 
00  00  FF  7F  FF  7F  86  01  00  00  02  05  64  FF  FF  05 
00  23  00  36  01  1E  00  00  00  FF  FF  FF  FF  01  00  04 
00  05  64  FF  FF  B2  00  55  00  82  00  3C  00  00  00  FF 
FF  FF  FF  03  00  08  00  06  00  03  00  00  00  FF  FF  05 
64  FF  FF  18  00  55  00  82  00  3C  00  00  00  FF  FF  FF 
FF  03  00  07  00  05  00  03  00  00  00  FF  FF  05  64  FF 
FF  14  00  64  00  78  00  32  00  00  00  FF  FF  FF  FF  01 
00  15  00  05  64  FF  FF  B4  00  64  00  78  00  32  00  00 
00  FF  FF  FF  FF  01  00  14  00  05  64  FF  FF  B4  00  64 
00  78  00  32  00  00  00  FF  FF  FF  FF  01  00  02  00  00 
00  FF  FF  05  64  FF  FF  14  00  64  00  78  00  32  00  00 
00  FF  FF  FF  FF  01  00  01  00  00  00  FF  FF  05  64  FF 
FF  68  00  42  00  6E  00  22  00  00  00  FF  FF  FF  FF  01 
00  04  00  00  00  FF  FF  05  64  FF  FF  05  00  23  00  36 
01  1E  00  00  00  FF  FF  FF  FF  01  00  13  00  05  64  00 
00  00  00  00  00  40  01  AC  00  00  00  FF  FF  FF  FF  05 
64  FF  FF  00  00  00  00  40  01  AC  00  00  00  FF  FF  FF 
FF  05  64  FF  FF  00  00  00  00  40  01  AC  00  00  00  FF 
FF  FF  FF  05  64  FF  FF  00  00  00  00  40  01  AC  00  00 
00  FF  FF  FF  FF  05  64  00  00  00  00  00  00  40  01  AC 
00  00  00  FF  FF  FF  FF  5F  01  6F  01  3F  01  4F  01  53 
01  1F  01  2F  01  33  01  02  01  12  01  E5  00  F5  00  C5 
00  D5  00  D9  00  A5  00  B5  00  B9  00  85  00  95  00  99 
00  68  00  78  00  58  00  5C  00  48  00  4C  00  38  00  3C 
00  28  00  2C  00  18  00  1C  00  0C  00  82  00  00  00  00 
00  00  00  40  01  AC  00  10  00  00  00  84  40  10  09  00 
10  24  00  69  01  00  00  20  00  00  00  83  42  10  09  00 
0C  24  00  57  01  00  00  30  00  00  00  08  40  20  09  00 
20  24  00  3D  01  00  00  6E  6F  6E  65  00  00  00  00  00 
00  64  00  00  00  00  00  00  00  00  00  08  40  20  09  01 
20  24  00  23  01  00  00  6E  6F  6E  65  00  00  00  00  00 
00  64  00  35  01  00  00  00  00  00  00  08  40  20  09  02 
20  24  00  09  01  00  00  6E  6F  6E  65  00  00  00  00  00 
00  64  00  1B  01  00  00  00  00  00  00  08  40  20  09  03 
20  24  00  E3  00  00  00  6E  6F  6E  65  00  00  00  00  00 
00  64  00  F5  00  00  00  00  00  00  00  0C  40  1D  09  00 
30  24  00  CD  00  00  00  6E  6F  6E  65  00  00  00  00  FF 
7F  FF  7F  DF  00  00  00  02  05  64  FF  FF  05  00  23  00 
36  01  23  00  00  00  FF  FF  FF  FF  01  00  06  00  05  64 
FF  FF  50  00  4B  00  A0  00  32  00  00  00  FF  FF  FF  FF 
06  00  01  00  02  00  03  00  04  00  05  00  06  00  FF  FF 
00  00  FF  FF  05  64  FF  FF  F2  00  3D  00  44  00  44  00 
00  00  FF  FF  FF  FF  01  00  08  00  00  00  FF  FF  05  64 
FF  FF  0C  00  3C  00  44  00  44  00  00  00  FF  FF  FF  FF 
01  00  07  00  00  00  FF  FF  05  64  FF  FF  00  00  42  00 
40  01  3F  00  00  00  FF  FF  FF  FF  00  00  FF  FF  00  00 
FF  FF  05  64  FF  FF  00  00  00  00  40  01  AC  00  00  00 
FF  FF  FF  FF  05  64  FF  FF  00  00  00  00  40  01  AC  00 
00  00  FF  FF  FF  FF  B8  00  C8  00  98  00  A8  00  AC  00 
78  00  88  00  8C  00  58  00  68  00  6C  00  38  00  48  00 
4C  00  28  00  2C  00  18  00  1C  00  0C  00  82  00  00  00 
00  00  00  00  40  01  AC  00  10  00  00  00  84  41  90  09 
00  10  26  00  09  0F  00  00  20  00  00  00  03  41  90  09 
00  0C  26  00  F7  0E  00  00  50  00  00  00  83  43  90  09 
03  0C  26  00  E5  0E  00  00  2F  01  00  00  83  43  90  09 
10  0C  26  00  D3  0E  00  00  75  05  00  00  03  41  90  09 
01  0C  26  00  C1  0E  00  00  70  00  00  00  03  41  90  09 
02  0C  26  00  AF  0E  00  00  CC  00  00  00  08  40  A0  09 
00  20  26  00  95  0E  00  00  6E  6F  6E  65  00  00  00  00 
00  00  64  00  A7  0E  00  00  00  00  00  00  0F  40  BC  09 
00  3C  26  00  83  0E  00  00  6E  6F  6E  65  00  00  00  00 
25  64  00  00  00  00  00  00  CC  A8  00  7C  FF  7F  11  00 
12  00  13  00  14  00  15  00  16  00  17  00  18  00  19  00 
1A  00  1D  00  FF  FF  FF  FF  08  40  A0  09  01  20  26  00 
69  0E  00  00  6E  6F  6E  65  00  00  00  00  00  00  64  00 
7B  0E  00  00  00  00  00  00  0A  40  C3  09  00  28  26  00 
57  0E  00  00  6E  6F  6E  65  00  00  00  00  68  3A  6D  3A 
73  00  00  00  CC  A8  DA  00  00  00  FF  7F  11  00  12  00 
13  00  14  00  15  00  16  00  17  00  18  00  19  00  1A  00 
1B  00  1C  00  FF  FF  FF  FF  FF  FF  00  05  42  92  09  00 
14  26  00  45  0E  00  00  E5  01  00  00  00  00  05  42  92 
09  01  14  26  00  33  0E  00  00  15  03  00  00  00  00  05 
42  92  09  02  14  26  00  21  0E  00  00  45  04  00  00  00 
00  08  40  A0  09  02  20  26  00  07  0E  00  00  6E  6F  6E 
65  00  00  00  00  00  00  64  00  19  0E  00  00  00  00  00 
00  08  40  A0  09  03  20  26  00  ED  0D  00  00  6E  6F  6E 
65  00  00  00  00  00  00  64  00  FF  0D  00  00  00  00  00 
00  08  40  A0  09  04  20  26  00  D3  0D  00  00  6E  6F  6E 
65  00  00  00  00  00  00  64  00  E5  0D  00  00  00  00  00 
00  08  40  A0  09  05  20  26  00  B9  0D  00  00  6E  6F  6E 
65  00  00  00  00  00  00  64  00  CB  0D  00  00  00  00  00 
00  83  40  90  09  04  0C  26  00  A7  0D  00  00  25  02  00 
00  83  40  90  09  05  0C  26  00  95  0D  00  00  61  02  00 
00  83  40  90  09  06  0C  26  00  83  0D  00  00  9D  02  00 
00  83  40  90  09  07  0C  26  00  71  0D  00  00  D9  02  00 
00  0F  40  BC  09  01  3C  26  00  5F  0D  00  00  6E  6F  6E 
65  00  00  00  00  25  30  34  64  00  00  00  00  CC  A8  FF 
FF  FF  7F  07  00  08  00  09  00  0A  00  0B  00  0C  00  0D 
00  0E  00  0F  00  10  00  FF  FF  FF  FF  FF  FF  0F  40  BC 
09  02  3C  26  00  4D  0D  00  00  6E  6F  6E  65  00  00  00 
00  25  30  34  64  00  00  00  00  CC  A8  FF  FF  FF  7F  07 
00  08  00  09  00  0A  00  0B  00  0C  00  0D  00  0E  00  0F 
00  10  00  FF  FF  FF  FF  FF  FF  0F  40  BC  09  03  3C  26 
00  3B  0D  00  00  6E  6F  6E  65  00  00  00  00  25  30  34 
64  00  00  00  00  CC  A8  FF  FF  FF  7F  07  00  08  00  09 
00  0A  00  0B  00  0C  00  0D  00  0E  00  0F  00  10  00  FF 
FF  FF  FF  FF  FF  0F  40  BC  09  04  3C  26  00  29  0D  00 
00  6E  6F  6E  65  00  00  00  00  25  30  34  64  00  00  00 
00  CC  A8  FF  FF  FF  7F  07  00  08  00  09  00  0A  00  0B 
00  0C  00  0D  00  0E  00  0F  00  10  00  FF  FF  FF  FF  FF 
FF  83  40  90  09  08  0C  26  00  17  0D  00  00  55  03  00 
00  83  40  90  09  09  0C  26  00  05  0D  00  00  91  03  00 
00  83  40  90  09  0A  0C  26  00  F3  0C  00  00  CD  03  00 
00  83  40  90  09  0B  0C  26  00  E1  0C  00  00  09  04  00 
00  0F  40  BC  09  05  3C  26  00  CF  0C  00  00  6E  6F  6E 
65  00  00  00  00  25  30  34  64  00  00  00  00  CC  A8  FF 
FF  FF  7F  07  00  08  00  09  00  0A  00  0B  00  0C  00  0D 
00  0E  00  0F  00  10  00  FF  FF  FF  FF  FF  FF  0F  40  BC 
09  06  3C  26  00  BD  0C  00  00  6E  6F  6E  65  00  00  00 
00  25  30  34  64  00  00  00  00  CC  A8  FF  FF  FF  7F  07 
00  08  00  09  00  0A  00  0B  00  0C  00  0D  00  0E  00  0F 
00  10  00  FF  FF  FF  FF  FF  FF  0F  40  BC  09  07  3C  26 
00  AB  0C  00  00  6E  6F  6E  65  00  00  00  00  25  30  34 
64  00  00  00  00  CC  A8  FF  FF  FF  7F  07  00  08  00  09 
00  0A  00  0B  00  0C  00  0D  00  0E  00  0F  00  10  00  FF 
FF  FF  FF  FF  FF  0F  40  BC  09  08  3C  26  00  99  0C  00 
00  6E  6F  6E  65  00  00  00  00  25  30  34  64  00  00  00 
00  CC  A8  FF  FF  FF  7F  07  00  08  00  09  00  0A  00  0B 
00  0C  00  0D  00  0E  00  0F  00  10  00  FF  FF  FF  FF  FF 
FF  83  40  90  09  0C  0C  26  00  87  0C  00  00  85  04  00 
00  83  40  90  09  0D  0C  26  00  75  0C  00  00  C1  04  00 
00  83  40  90  09  0E  0C  26  00  63  0C  00  00  FD  04  00 
00  83  40  90  09  0F  0C  26  00  51  0C  00  00  39  05  00 
00  0F  40  BC  09  09  3C  26  00  3F  0C  00  00  6E  6F  6E 
65  00  00  00  00  25  30  34  64  00  00  00  00  CC  A8  FF 
FF  FF  7F  07  00  08  00  09  00  0A  00  0B  00  0C  00  0D 
00  0E  00  0F  00  10  00  FF  FF  FF  FF  FF  FF  0F  40  BC 
09  0A  3C  26  00  2D  0C  00  00  6E  6F  6E  65  00  00  00 
00  25  30  34  64  00  00  00  00  CC  A8  FF  FF  FF  7F  07 
00  08  00  09  00  0A  00  0B  00  0C  00  0D  00  0E  00  0F 
00  10  00  FF  FF  FF  FF  FF  FF  0F  40  BC  09  0B  3C  26 
00  1B  0C  00  00  6E  6F  6E  65  00  00  00  00  25  30  34 
64  00  00  00  00  CC  A8  FF  FF  FF  7F  07  00  08  00  09 
00  0A  00  0B  00  0C  00  0D  00  0E  00  0F  00  10  00  FF 
FF  FF  FF  FF  FF  0F  40  BC  09  0C  3C  26  00  09  0C  00 
00  6E  6F  6E  65  00  00  00  00  25  30  34  64  00  00  00 
00  CC  A8  FF  FF  FF  7F  07  00  08  00  09  00  0A  00  0B 
00  0C  00  0D  00  0E  00  0F  00  10  00  FF  FF  FF  FF  FF 
FF  05  42  92  09  03  14  26  00  F7  0B  00  00  2B  06  00 
00  00  00  05  42  92  09  04  14  26  00  E5  0B  00  00  5B 
07  00  00  00  00  05  42  92  09  05  14  26  00  D3  0B  00 
00  8B  08  00  00  00  00  08  40  A0  09  06  20  26  00  B9 
0B  00  00  6E  6F  6E  65  00  00  00  00  00  00  64  00  CB 
0B  00  00  00  00  00  00  08  40  A0  09  07  20  26  00  9F 
0B  00  00  6E  6F  6E  65  00  00  00  00  00  00  64  00  B1 
0B  00  00  00  00  00  00  08  40  A0  09  08  20  26  00  85 
0B  00  00  6E  6F  6E  65  00  00  00  00  00  00  64  00  97 
0B  00  00  00  00  00  00  08  40  A0  09  09  20  26  00  6B 
0B  00  00  6E  6F  6E  65  00  00  00  00  00  00  64  00  7D 
0B  00  00  00  00  00  00  83  40  90  09  11  0C  26  00  59 
0B  00  00  6B  06  00  00  83  40  90  09  12  0C  26  00  47 
0B  00  00  A7  06  00  00  83  40  90  09  13  0C  26  00  35 
0B  00  00  E3  06  00  00  83  40  90  09  14  0C  26  00  23 
0B  00  00  1F  07  00  00  0F  40  BC  09  0D  3C  26  00  11 
0B  00  00  6E  6F  6E  65  00  00  00  00  25  30  34  64  00 
00  00  00  CC  A8  FF  FF  FF  7F  07  00  08  00  09  00  0A 
00  0B  00  0C  00  0D  00  0E  00  0F  00  10  00  FF  FF  FF 
FF  FF  FF  0F  40  BC  09  0E  3C  26  00  FF  0A  00  00  6E 
6F  6E  65  00  00  00  00  25  30  34  64  00  00  00  00  CC 
A8  FF  FF  FF  7F  07  00  08  00  09  00  0A  00  0B  00  0C 
00  0D  00  0E  00  0F  00  10  00  FF  FF  FF  FF  FF  FF  0F 
40  BC  09  0F  3C  26  00  ED  0A  00  00  6E  6F  6E  65  00 
00  00  00  25  30  34  64  00  00  00  00  CC  A8  FF  FF  FF 
7F  07  00  08  00  09  00  0A  00  0B  00  0C  00  0D  00  0E 
00  0F  00  10  00  FF  FF  FF  FF  FF  FF  0F  40  BC  09  10 
3C  26  00  DB  0A  00  00  6E  6F  6E  65  00  00  00  00  25 
30  34  64  00  00  00  00  CC  A8  FF  FF  FF  7F  07  00  08 
00  09  00  0A  00  0B  00  0C  00  0D  00  0E  00  0F  00  10 
00  FF  FF  FF  FF  FF  FF  83  40  90  09  15  0C  26  00  C9 
0A  00  00  9B  07  00  00  83  40  90  09  16  0C  26  00  B7 
0A  00  00  D7  07  00  00  83  40  90  09  17  0C  26  00  A5 
0A  00  00  13  08  00  00  83  40  90  09  18  0C  26  00  93 
0A  00  00  4F  08  00  00  0F  40  BC  09  11  3C  26  00  81 
0A  00  00  6E  6F  6E  65  00  00  00  00  25  30  34  64  00 
00  00  00  CC  A8  FF  FF  FF  7F  07  00  08  00  09  00  0A 
00  0B  00  0C  00  0D  00  0E  00  0F  00  10  00  FF  FF  FF 
FF  FF  FF  0F  40  BC  09  12  3C  26  00  6F  0A  00  00  6E 
6F  6E  65  00  00  00  00  25  30  34  64  00  00  00  00  CC 
A8  FF  FF  FF  7F  07  00  08  00  09  00  0A  00  0B  00  0C 
00  0D  00  0E  00  0F  00  10  00  FF  FF  FF  FF  FF  FF  0F 
40  BC  09  13  3C  26  00  5D  0A  00  00  6E  6F  6E  65  00 
00  00  00  25  30  34  64  00  00  00  00  CC  A8  FF  FF  FF 
7F  07  00  08  00  09  00  0A  00  0B  00  0C  00  0D  00  0E 
00  0F  00  10  00  FF  FF  FF  FF  FF  FF  0F  40  BC  09  14 
3C  26  00  4B  0A  00  00  6E  6F  6E  65  00  00  00  00  25 
30  34  64  00  00  00  00  CC  A8  FF  FF  FF  7F  07  00  08 
00  09  00  0A  00  0B  00  0C  00  0D  00  0E  00  0F  00  10 
00  FF  FF  FF  FF  FF  FF  83  40  90  09  19  0C  26  00  39 
0A  00  00  CB  08  00  00  83  40  90  09  1A  0C  26  00  27 
0A  00  00  07  09  00  00  83  40  90  09  1B  0C  26  00  15 
0A  00  00  43  09  00  00  83  40  90  09  1C  0C  26  00  03 
0A  00  00  7F  09  00  00  0F  40  BC  09  15  3C  26  00  F1 
09  00  00  6E  6F  6E  65  00  00  00  00  25  30  34  64  00 
00  00  00  CC  A8  FF  FF  FF  7F  07  00  08  00  09  00  0A 
00  0B  00  0C  00  0D  00  0E  00  0F  00  10  00  FF  FF  FF 
FF  FF  FF  0F  40  BC  09  16  3C  26  00  DF  09  00  00  6E 
6F  6E  65  00  00  00  00  25  30  34  64  00  00  00  00  CC 
A8  FF  FF  FF  7F  07  00  08  00  09  00  0A  00  0B  00  0C 
00  0D  00  0E  00  0F  00  10  00  FF  FF  FF  FF  FF  FF  0F 
40  BC  09  17  3C  26  00  CD  09  00  00  6E  6F  6E  65  00 
00  00  00  25  30  34  64  00  00  00  00  CC  A8  FF  FF  FF 
7F  07  00  08  00  09  00  0A  00  0B  00  0C  00  0D  00  0E 
00  0F  00  10  00  FF  FF  FF  FF  FF  FF  0F  40  BC  09  18 
3C  26  00  BB  09  00  00  6E  6F  6E  65  00  00  00  00  25 
30  34  64  00  00  00  00  CC  A8  FF  FF  FF  7F  07  00  08 
00  09  00  0A  00  0B  00  0C  00  0D  00  0E  00  0F  00  10 
00  FF  FF  FF  FF  FF  FF  05  64  FF  FF  09  00  08  00  32 
00  0F  00  00  00  FF  FF  FF  FF  05  64  FF  FF  09  00  08 
00  32  00  0F  00  00  00  FF  FF  FF  FF  05  64  FF  FF  09 
00  08  00  32  00  0F  00  00  00  FF  FF  FF  FF  05  64  FF 
FF  09  00  08  00  32  00  0F  00  00  00  FF  FF  FF  FF  05 
64  FF  FF  00  00  6C  00  44  00  20  00  00  00  FF  FF  FF 
FF  05  64  FF  FF  00  00  48  00  44  00  20  00  00  00  FF 
FF  FF  FF  05  64  FF  FF  00  00  24  00  44  00  20  00  00 
00  FF  FF  FF  FF  05  64  FF  FF  00  00  00  00  44  00  20 
00  00  00  FF  FF  FF  FF  05  64  FF  FF  09  00  08  00  32 
00  0F  00  00  00  FF  FF  FF  FF  05  64  FF  FF  09  00  08 
00  32  00  0F  00  00  00  FF  FF  FF  FF  05  64  FF  FF  09 
00  08  00  32  00  0F  00  00  00  FF  FF  FF  FF  05  64  FF 
FF  09  00  08  00  32  00  0F  00  00  00  FF  FF  FF  FF  05 
64  FF  FF  00  00  6C  00  44  00  20  00  00  00  FF  FF  FF 
FF  05  64  FF  FF  00  00  48  00  44  00  20  00  00  00  FF 
FF  FF  FF  05  64  FF  FF  00  00  24  00  44  00  20  00  00 
00  FF  FF  FF  FF  05  64  FF  FF  00  00  00  00  44  00  20 
00  00  00  FF  FF  FF  FF  05  64  FF  FF  09  00  08  00  32 
00  0F  00  00  00  FF  FF  FF  FF  05  64  FF  FF  09  00  08 
00  32  00  0F  00  00  00  FF  FF  FF  FF  05  64  FF  FF  09 
00  08  00  32  00  0F  00  00  00  FF  FF  FF  FF  05  64  FF 
FF  09  00  08  00  32  00  0F  00  00  00  FF  FF  FF  FF  05 
64  FF  FF  00  00  6C  00  44  00  20  00  00  00  FF  FF  FF 
FF  05  64  FF  FF  00  00  48  00  44  00  20  00  00  00  FF 
FF  FF  FF  05  64  FF  FF  00  00  24  00  44  00  20  00  00 
00  FF  FF  FF  FF  05  64  FF  FF  00  00  00  00  44  00  20 
00  00  00  FF  FF  FF  FF  05  64  FF  FF  A8  00  7C  00  54 
00  28  00  00  00  FF  FF  FF  FF  01  00  02  00  00  00  FF 
FF  05  64  FF  FF  44  00  7C  00  54  00  28  00  00  00  FF 
FF  FF  FF  01  00  04  00  00  00  FF  FF  05  64  FF  FF  C3 
00  36  00  0E  00  14  00  00  00  FF  FF  FF  FF  01  00  1D 
00  00  00  FF  FF  05  64  FF  FF  71  00  35  00  0E  00  14 
00  00  00  FF  FF  FF  FF  01  00  1D  00  00  00  FF  FF  05 
64  FF  FF  D0  00  08  00  44  00  68  00  00  00  FF  FF  06 
00  05  64  FF  FF  7E  00  0A  00  44  00  68  00  00  00  FF 
FF  06  00  05  64  FF  FF  2C  00  0A  00  44  00  68  00  00 
00  FF  FF  06  00  05  64  FF  FF  09  00  08  00  32  00  0F 
00  00  00  FF  FF  FF  FF  05  64  FF  FF  09  00  08  00  32 
00  0F  00  00  00  FF  FF  FF  FF  05  64  FF  FF  09  00  08 
00  32  00  0F  00  00  00  FF  FF  FF  FF  05  64  FF  FF  09 
00  08  00  32  00  0F  00  00  00  FF  FF  FF  FF  05  64  FF 
FF  00  00  6C  00  44  00  20  00  00  00  FF  FF  FF  FF  05 
64  FF  FF  00  00  48  00  44  00  20  00  00  00  FF  FF  FF 
FF  05  64  FF  FF  00  00  24  00  44  00  20  00  00  00  FF 
FF  FF  FF  05  64  FF  FF  00  00  00  00  44  00  20  00  00 
00  FF  FF  FF  FF  05  64  FF  FF  09  00  08  00  32  00  0F 
00  00  00  FF  FF  FF  FF  05  64  FF  FF  09  00  08  00  32 
00  0F  00  00  00  FF  FF  FF  FF  05  64  FF  FF  09  00  08 
00  32  00  0F  00  00  00  FF  FF  FF  FF  05  64  FF  FF  09 
00  08  00  32  00  0F  00  00  00  FF  FF  FF  FF  05  64  FF 
FF  00  00  6C  00  44  00  20  00  00  00  FF  FF  FF  FF  05 
64  FF  FF  00  00  48  00  44  00  20  00  00  00  FF  FF  FF 
FF  05  64  FF  FF  00  00  24  00  44  00  20  00  00  00  FF 
FF  FF  FF  05  64  FF  FF  00  00  00  00  44  00  20  00  00 
00  FF  FF  FF  FF  05  64  FF  FF  09  00  08  00  32  00  0F 
00  00  00  FF  FF  FF  FF  05  64  FF  FF  09  00  08  00  32 
00  0F  00  00  00  FF  FF  FF  FF  05  64  FF  FF  09  00  08 
00  32  00  0F  00  00  00  FF  FF  FF  FF  05  64  FF  FF  09 
00  08  00  32  00  0F  00  00  00  FF  FF  FF  FF  05  64  FF 
FF  00  00  6C  00  44  00  20  00  00  00  FF  FF  FF  FF  05 
64  FF  FF  00  00  48  00  44  00  20  00  00  00  FF  FF  FF 
FF  05  64  FF  FF  00  00  24  00  44  00  20  00  00  00  FF 
FF  FF  FF  05  64  FF  FF  00  00  00  00  44  00  20  00  00 
00  FF  FF  FF  FF  05  64  FF  FF  A8  00  7C  00  54  00  28 
00  00  00  FF  FF  FF  FF  01  00  02  00  00  00  FF  FF  05 
64  FF  FF  44  00  7C  00  54  00  28  00  00  00  FF  FF  FF 
FF  01  00  04  00  00  00  FF  FF  05  64  FF  FF  C2  00  36 
00  0E  00  14  00  00  00  FF  FF  FF  FF  01  00  1D  00  00 
00  FF  FF  05  64  FF  FF  71  00  35  00  0E  00  14  00  00 
00  FF  FF  FF  FF  01  00  1D  00  00  00  FF  FF  05  64  FF 
FF  D0  00  0A  00  44  00  68  00  00  00  FF  FF  06  00  05 
64  FF  FF  7E  00  0A  00  44  00  68  00  00  00  FF  FF  06 
00  05  64  FF  FF  2C  00  0A  00  44  00  68  00  00  00  FF 
FF  06  00  04  64  FF  FF  46  00  0B  00  C8  00  1C  00  00 
00  FF  FF  FF  FF  05  64  FF  FF  0C  00  05  00  28  00  28 
00  00  00  FF  FF  FF  FF  01  00  03  00  00  00  FF  FF  04 
64  FF  FF  46  00  0B  00  C8  00  1C  00  00  00  FF  FF  FF 
FF  05  64  FF  FF  0C  00  05  00  28  00  28  00  00  00  FF 
FF  FF  FF  01  00  01  00  00  00  FF  FF  05  64  FF  FF  0E 
00  5E  00  24  01  32  00  00  00  FF  FF  05  00  05  64  FF 
FF  0E  00  28  00  24  01  32  00  00  00  FF  FF  05  00  15 
64  00  00  00  00  00  00  40  01  AC  00  00  00  FF  FF  FF 
FF  15  64  00  00  00  00  00  00  40  01  AC  00  00  00  FF 
FF  FF  FF  05  64  FF  FF  00  00  00  00  40  01  AC  00  00 
00  FF  FF  FF  FF  05  64  FF  FF  00  00  00  00  40  01  AC 
00  00  00  FF  FF  FF  FF  87  09  4B  09  0F  09  D3  08  C3 
08  C7  08  B3  08  B7  08  A3  08  A7  08  93  08  97  08  57 
08  1B  08  DF  07  A3  07  93  07  97  07  83  07  87  07  73 
07  77  07  63  07  67  07  27  07  EB  06  AF  06  73  06  63 
06  67  06  53  06  57  06  43  06  47  06  33  06  37  06  13 
06  23  06  27  06  F3  05  03  06  07  06  D3  05  E3  05  E7 
05  B3  05  C3  05  C7  05  A1  05  A5  05  8F  05  93  05  7D 
05  81  05  41  05  05  05  C9  04  8D  04  7D  04  81  04  6D 
04  71  04  5D  04  61  04  4D  04  51  04  11  04  D5  03  99 
03  5D  03  4D  03  51  03  3D  03  41  03  2D  03  31  03  1D 
03  21  03  E1  02  A5  02  69  02  2D  02  1D  02  21  02  0D 
02  11  02  FD  01  01  02  ED  01  F1  01  CD  01  DD  01  E1 
01  AD  01  BD  01  C1  01  8D  01  9D  01  A1  01  6D  01  7D 
01  81  01  5B  01  5F  01  49  01  4D  01  37  01  3B  01  F4 
00  D4  00  E4  00  E8  00  98  00  78  00  88  00  8C  00  68 
00  6C  00  58  00  5C  00  48  00  4C  00  38  00  3C  00  28 
00  2C  00  18  00  1C  00  0C  00  82  00  00  00  00  00  00 
00  40  01  AC  00  10  00  00  00  84  40  10  0A  00  10  28 
00  F6  01  00  00  20  00  00  00  03  44  10  0A  00  0C  28 
00  E4  01  00  00  30  00  00  00  08  40  20  0A  00  20  28 
00  CA  01  00  00  6E  6F  6E  65  00  00  00  00  00  00  64 
00  DC  01  00  00  00  00  00  00  08  40  20  0A  01  20  28 
00  B0  01  00  00  6E  6F  6E  65  00  00  00  00  00  00  64 
00  C2  01  00  00  00  00  00  00  08  40  20  0A  02  20  28 
00  96  01  00  00  6E  6F  6E  65  00  00  00  00  00  00  64 
00  A8  01  00  00  00  00  00  00  08  40  20  0A  03  20  28 
00  7C  01  00  00  6E  6F  6E  65  00  00  00  00  00  00  64 
00  8E  01  00  00  00  00  00  00  0C  40  1D  0A  00  30  28 
00  66  01  00  00  6E  6F  6E  65  00  00  00  00  FF  7F  FF 
7F  78  01  00  00  02  0C  40  1D  0A  01  30  28  00  50  01 
00  00  6E  6F  6E  65  00  00  00  00  FF  7F  FF  7F  62  01 
00  00  02  0C  40  1D  0A  02  30  28  00  3A  01  00  00  6E 
6F  6E  65  00  00  00  00  FF  7F  FF  7F  4C  01  00  00  02 
0C  40  1D  0A  03  30  28  00  24  01  00  00  6E  6F  6E  65 
00  00  00  00  FF  7F  FF  7F  36  01  00  00  02  05  64  FF 
FF  E3  00  69  00  58  00  1E  00  00  00  FF  FF  FF  FF  01 
00  19  00  05  64  FF  FF  99  00  69  00  58  00  1E  00  00 
00  FF  FF  FF  FF  01  00  09  00  05  64  FF  FF  5D  00  69 
00  3C  00  1E  00  00  00  FF  FF  FF  FF  01  00  08  00  05 
64  FF  FF  13  00  69  00  3C  00  1E  00  00  00  FF  FF  FF 
FF  01  00  07  00  05  64  FF  FF  F6  00  32  00  32  00  32 
00  00  00  FF  FF  FF  FF  01  00  02  00  00  00  FF  FF  05 
64  FF  FF  AC  00  32  00  32  00  32  00  00  00  FF  FF  FF 
FF  01  00  04  00  00  00  FF  FF  05  64  FF  FF  62  00  32 
00  32  00  32  00  00  00  FF  FF  FF  FF  01  00  03  00  00 
00  FF  FF  05  64  FF  FF  18  00  32  00  32  00  32  00  00 
00  FF  FF  FF  FF  01  00  01  00  00  00  FF  FF  05  64  FF 
FF  00  00  00  00  40  01  AC  00  00  00  FF  FF  FF  FF  05 
64  FF  FF  00  00  00  00  40  01  AC  00  00  00  FF  FF  FF 
FF  0F  01  1F  01  F2  00  02  01  D5  00  E5  00  B8  00  C8 
00  98  00  A8  00  AC  00  78  00  88  00  8C  00  58  00  68 
00  6C  00  38  00  48  00  4C  00  28  00  2C  00  18  00  1C 
00  0C  00 
